9.999999999999998890e-01 6.067210951993982082e-01 3.411365685280526305e-01 5.188796274132922992e-01 0.000000000000000000e+00 0.000000000000000000e+00 2.938237269916627592e-01 3.840998341386184789e-01 0.000000000000000000e+00 3.629051372759092148e-02 7.776352941546044173e-01 5.919344128832967344e-01 3.478342679507675506e-01 3.878990416494653704e-01 0.000000000000000000e+00 7.044016218484533409e-02 2.161229321601367825e-01 1.660684265008650073e-01 6.483757084789757430e-01 8.015450776922659060e-01 0.000000000000000000e+00 0.000000000000000000e+00 2.385301064654878067e-01 4.217703878040712784e-01 0.000000000000000000e+00 0.000000000000000000e+00 0.000000000000000000e+00 0.000000000000000000e+00 3.430843922737090157e-01 1.620889140625814406e-01 0.000000000000000000e+00 0.000000000000000000e+00 4.374255544530675222e-01 5.662437387116174836e-01 0.000000000000000000e+00 0.000000000000000000e+00 1.392846658391949655e-01 2.383799258329701298e-01 1.798990816429140160e-01 0.000000000000000000e+00 3.417998241172784391e-01 1.536949195598550366e-01 0.000000000000000000e+00 0.000000000000000000e+00 0.000000000000000000e+00 0.000000000000000000e+00 0.000000000000000000e+00 0.000000000000000000e+00 0.000000000000000000e+00 0.000000000000000000e+00 0.000000000000000000e+00 0.000000000000000000e+00 0.000000000000000000e+00 0.000000000000000000e+00 0.000000000000000000e+00 0.000000000000000000e+00 4.367371560774717110e-01 6.139083233477707902e-01 1.221890126485534050e-01 1.292626206688794466e-01 3.551765941295904616e-01 3.961191913374496609e-01 3.014667328134467694e-01 5.677878111131430261e-01 1.410066678382277672e-01 0.000000000000000000e+00 0.000000000000000000e+00 0.000000000000000000e+00 4.304120494687842524e-01 1.272059826715436215e-01 5.307289677582625875e-02 0.000000000000000000e+00 3.428809323651748620e-01 1.115968260657626832e-01 4.922314745052593921e-01 2.564211689250248116e-01 5.955080607226472811e-01 5.600601447061839266e-01 1.531660051216701124e-01 7.954470838700646029e-02 6.339458859681371301e-03 4.745150648599712473e-01 4.137257622360802634e-01 1.746898904529904373e-01 2.823041037562667444e-01 5.221664015018471217e-01 1.589339197141890481e-01 0.000000000000000000e+00 0.000000000000000000e+00 6.073214653392604995e-02 0.000000000000000000e+00 0.000000000000000000e+00 0.000000000000000000e+00 0.000000000000000000e+00 0.000000000000000000e+00 0.000000000000000000e+00 0.000000000000000000e+00 0.000000000000000000e+00 0.000000000000000000e+00 0.000000000000000000e+00 0.000000000000000000e+00 0.000000000000000000e+00 0.000000000000000000e+00 0.000000000000000000e+00 0.000000000000000000e+00 0.000000000000000000e+00 0.000000000000000000e+00 0.000000000000000000e+00 0.000000000000000000e+00 0.000000000000000000e+00 0.000000000000000000e+00 0.000000000000000000e+00 0.000000000000000000e+00 0.000000000000000000e+00 0.000000000000000000e+00 0.000000000000000000e+00
6.067210951993982082e-01 1.000000000000000000e+00 0.000000000000000000e+00 3.646515952312885944e-01 0.000000000000000000e+00 0.000000000000000000e+00 0.000000000000000000e+00 3.586417820307510884e-01 0.000000000000000000e+00 0.000000000000000000e+00 3.479924583996490406e-01 5.605145464954738310e-01 1.361969984791890076e-01 2.831609828435880938e-01 0.000000000000000000e+00 8.302477565309378249e-03 6.080116557766481744e-01 5.196658467171119122e-01 5.263604274175022191e-01 6.700359830637451219e-01 0.000000000000000000e+00 0.000000000000000000e+00 0.000000000000000000e+00 1.374083181752478178e-01 0.000000000000000000e+00 0.000000000000000000e+00 0.000000000000000000e+00 0.000000000000000000e+00 3.910868556983542743e-01 3.390846180887704953e-01 0.000000000000000000e+00 0.000000000000000000e+00 2.113732192937579635e-01 4.316699692338420435e-01 0.000000000000000000e+00 0.000000000000000000e+00 1.808021330077039523e-01 3.012201446704274033e-01 1.875022338051426096e-01 0.000000000000000000e+00 3.864792669617925780e-01 2.899502338738772500e-01 0.000000000000000000e+00 0.000000000000000000e+00 0.000000000000000000e+00 0.000000000000000000e+00 0.000000000000000000e+00 0.000000000000000000e+00 0.000000000000000000e+00 0.000000000000000000e+00 0.000000000000000000e+00 0.000000000000000000e+00 0.000000000000000000e+00 0.000000000000000000e+00 0.000000000000000000e+00 0.000000000000000000e+00 7.161615467195033835e-01 7.546882015231278773e-01 0.000000000000000000e+00 1.258171653084786956e-01 2.509100738821814502e-01 6.155973196281551152e-01 3.794198829948545182e-01 6.207307250211786531e-01 0.000000000000000000e+00 0.000000000000000000e+00 0.000000000000000000e+00 0.000000000000000000e+00 2.233239279405865585e-01 0.000000000000000000e+00 0.000000000000000000e+00 0.000000000000000000e+00 1.996681112421048176e-01 2.571504266043741493e-01 3.379426867739763196e-01 3.231760377063277456e-01 5.642213706273829787e-01 6.126687346129464640e-01 5.439742144948289670e-01 3.623879064699542796e-01 3.798106809863581734e-01 4.889198543763222937e-01 4.035165109709503151e-01 1.935955417534777068e-01 1.995721116434259479e-01 1.465905961835726745e-01 4.316623831679839984e-01 0.000000000000000000e+00 0.000000000000000000e+00 0.000000000000000000e+00 0.000000000000000000e+00 0.000000000000000000e+00 0.000000000000000000e+00 0.000000000000000000e+00 0.000000000000000000e+00 0.000000000000000000e+00 0.000000000000000000e+00 0.000000000000000000e+00 0.000000000000000000e+00 0.000000000000000000e+00 4.780749038475000379e-02 0.000000000000000000e+00 0.000000000000000000e+00 0.000000000000000000e+00 0.000000000000000000e+00 0.000000000000000000e+00 0.000000000000000000e+00 0.000000000000000000e+00 0.000000000000000000e+00 0.000000000000000000e+00 0.000000000000000000e+00 0.000000000000000000e+00 0.000000000000000000e+00 0.000000000000000000e+00 0.000000000000000000e+00 0.000000000000000000e+00
3.411365685280526305e-01 0.000000000000000000e+00 9.999999999999997780e-01 7.345980856236831169e-01 3.158039128191890699e-01 3.516662543841867494e-01 8.857143372859919150e-01 6.222724398619410291e-01 2.661118537026799791e-01 5.062409048105678266e-01 6.401596560673179503e-01 2.364063000565992112e-01 5.101921992293260155e-01 5.279718993325284160e-01 3.086052494757793307e-01 2.611253768067467451e-01 0.000000000000000000e+00 0.000000000000000000e+00 3.230604619730883531e-01 3.866827679327143885e-01 3.730609990666087228e-01 1.592138344519064552e-01 9.417445031990222537e-01 8.391505425414600428e-01 5.018094284730981736e-01 3.381471516217585682e-01 0.000000000000000000e+00 0.000000000000000000e+00 1.378904162545115941e-01 5.825990415336476658e-02 5.505670509618164621e-01 5.851226295236835462e-01 4.549275123448549563e-01 4.594155882824828563e-01 1.565297982462545423e-01 2.387876355232135261e-02 0.000000000000000000e+00 0.000000000000000000e+00 0.000000000000000000e+00 0.000000000000000000e+00 9.435184456028199163e-02 0.000000000000000000e+00 0.000000000000000000e+00 0.000000000000000000e+00 0.000000000000000000e+00 0.000000000000000000e+00 0.000000000000000000e+00 0.000000000000000000e+00 0.000000000000000000e+00 0.000000000000000000e+00 1.983366697825920955e-01 0.000000000000000000e+00 1.292486475924192746e-01 0.000000000000000000e+00 0.000000000000000000e+00 0.000000000000000000e+00 0.000000000000000000e+00 0.000000000000000000e+00 0.000000000000000000e+00 0.000000000000000000e+00 0.000000000000000000e+00 0.000000000000000000e+00 0.000000000000000000e+00 0.000000000000000000e+00 4.770922790772814115e-01 0.000000000000000000e+00 0.000000000000000000e+00 0.000000000000000000e+00 1.575955119208830024e-01 4.899663803704885218e-02 4.483291652429330920e-01 4.383250248319858211e-01 3.062177337351373874e-01 3.828106072595762605e-02 2.725723293404002101e-01 1.107148555129789519e-01 8.580448340238251703e-02 0.000000000000000000e+00 0.000000000000000000e+00 1.108165749096999830e-01 0.000000000000000000e+00 1.018213398376981299e-01 3.379514952633403957e-01 6.991190251794192345e-02 0.000000000000000000e+00 1.466423822481373145e-02 0.000000000000000000e+00 0.000000000000000000e+00 0.000000000000000000e+00 0.000000000000000000e+00 0.000000000000000000e+00 0.000000000000000000e+00 0.000000000000000000e+00 0.000000000000000000e+00 0.000000000000000000e+00 0.000000000000000000e+00 0.000000000000000000e+00 0.000000000000000000e+00 0.000000000000000000e+00 0.000000000000000000e+00 0.000000000000000000e+00 0.000000000000000000e+00 0.000000000000000000e+00 0.000000000000000000e+00 0.000000000000000000e+00 0.000000000000000000e+00 0.000000000000000000e+00 1.863901920538076351e-01 0.000000000000000000e+00 0.000000000000000000e+00 0.000000000000000000e+00 0.000000000000000000e+00 0.000000000000000000e+00 0.000000000000000000e+00 0.000000000000000000e+00 0.000000000000000000e+00
5.188796274132922992e-01 3.646515952312885944e-01 7.345980856236831169e-01 1.000000000000000444e+00 1.641953214284429530e-01 2.682227752560320533e-01 6.322579789531573846e-01 8.790430474225677804e-01 1.209372636930086259e-01 4.945004115861521554e-01 6.440452578286206542e-01 4.115280573352010918e-01 3.307921208279889780e-01 6.343659799808383237e-01 1.106555331954272858e-01 3.130291031617035147e-01 0.000000000000000000e+00 0.000000000000000000e+00 6.363815585778465067e-01 7.044853635261990599e-01 0.000000000000000000e+00 0.000000000000000000e+00 7.787229688367209857e-01 8.865208152311538914e-01 1.781552709174524796e-01 1.916831897751722358e-01 0.000000000000000000e+00 0.000000000000000000e+00 7.528044062402564074e-02 0.000000000000000000e+00 1.349724020588164708e-01 3.574553274743489939e-01 3.481443228052003569e-01 5.074651841502195726e-01 0.000000000000000000e+00 0.000000000000000000e+00 0.000000000000000000e+00 0.000000000000000000e+00 0.000000000000000000e+00 0.000000000000000000e+00 1.913337616968782406e-01 0.000000000000000000e+00 0.000000000000000000e+00 0.000000000000000000e+00 0.000000000000000000e+00 0.000000000000000000e+00 0.000000000000000000e+00 0.000000000000000000e+00 0.000000000000000000e+00 0.000000000000000000e+00 1.228834238035661358e-01 0.000000000000000000e+00 8.200740617681905043e-02 0.000000000000000000e+00 0.000000000000000000e+00 0.000000000000000000e+00 0.000000000000000000e+00 3.465543392398450773e-01 4.580168269707355494e-02 0.000000000000000000e+00 5.223165639535276572e-02 2.992825308311257704e-01 0.000000000000000000e+00 3.320570525136390394e-01 2.569404992623361417e-01 0.000000000000000000e+00 0.000000000000000000e+00 0.000000000000000000e+00 3.042572450395009676e-01 2.638364796666352041e-01 1.320544156825572690e-01 1.366554811521801804e-01 8.160751182813326399e-02 0.000000000000000000e+00 1.903888284502059103e-01 3.009299603825761962e-02 2.651690610836652251e-01 2.341121554626808821e-01 0.000000000000000000e+00 1.820144287839068065e-01 0.000000000000000000e+00 2.890905953387653549e-01 3.985244397805546290e-01 3.355293382688213921e-02 0.000000000000000000e+00 2.451112718828535875e-01 1.948790555148417758e-02 0.000000000000000000e+00 0.000000000000000000e+00 0.000000000000000000e+00 0.000000000000000000e+00 0.000000000000000000e+00 0.000000000000000000e+00 0.000000000000000000e+00 0.000000000000000000e+00 0.000000000000000000e+00 0.000000000000000000e+00 0.000000000000000000e+00 0.000000000000000000e+00 0.000000000000000000e+00 0.000000000000000000e+00 0.000000000000000000e+00 0.000000000000000000e+00 0.000000000000000000e+00 0.000000000000000000e+00 0.000000000000000000e+00 0.000000000000000000e+00 0.000000000000000000e+00 0.000000000000000000e+00 0.000000000000000000e+00 0.000000000000000000e+00 0.000000000000000000e+00 0.000000000000000000e+00 0.000000000000000000e+00 0.000000000000000000e+00 0.000000000000000000e+00
0.000000000000000000e+00 0.000000000000000000e+00 3.158039128191890699e-01 1.641953214284429530e-01 1.000000000000000000e+00 9.206287062364298945e-01 2.780697161719616339e-01 1.496978007671052879e-01 9.634944512937509975e-01 7.668883981347904832e-01 0.000000000000000000e+00 0.000000000000000000e+00 9.674709255953237164e-02 0.000000000000000000e+00 3.587978509855627163e-01 2.613014953508623339e-01 0.000000000000000000e+00 0.000000000000000000e+00 0.000000000000000000e+00 0.000000000000000000e+00 2.562093251107806502e-01 3.922873891031587457e-01 2.541261997245811144e-01 2.133744899214684576e-01 8.133145754192547816e-01 8.564655760849029242e-01 7.812498293693419527e-01 8.059361568447785951e-01 0.000000000000000000e+00 0.000000000000000000e+00 4.088907286772867911e-02 0.000000000000000000e+00 0.000000000000000000e+00 0.000000000000000000e+00 5.540487372996604210e-01 4.799530872774468993e-01 0.000000000000000000e+00 0.000000000000000000e+00 0.000000000000000000e+00 0.000000000000000000e+00 0.000000000000000000e+00 0.000000000000000000e+00 0.000000000000000000e+00 0.000000000000000000e+00 0.000000000000000000e+00 0.000000000000000000e+00 0.000000000000000000e+00 0.000000000000000000e+00 0.000000000000000000e+00 0.000000000000000000e+00 0.000000000000000000e+00 0.000000000000000000e+00 0.000000000000000000e+00 1.928926045566340883e-02 0.000000000000000000e+00 0.000000000000000000e+00 0.000000000000000000e+00 0.000000000000000000e+00 1.668839040723469058e-01 1.471253065534487148e-01 0.000000000000000000e+00 0.000000000000000000e+00 0.000000000000000000e+00 0.000000000000000000e+00 1.398658011267490953e-01 2.837985714642767832e-01 3.742841412763551756e-01 2.914037125275845685e-01 3.513320782966812827e-01 4.262525141250133043e-01 0.000000000000000000e+00 1.646424766917728433e-01 0.000000000000000000e+00 0.000000000000000000e+00 0.000000000000000000e+00 0.000000000000000000e+00 0.000000000000000000e+00 0.000000000000000000e+00 0.000000000000000000e+00 0.000000000000000000e+00 0.000000000000000000e+00 0.000000000000000000e+00 0.000000000000000000e+00 0.000000000000000000e+00 0.000000000000000000e+00 0.000000000000000000e+00 0.000000000000000000e+00 0.000000000000000000e+00 0.000000000000000000e+00 0.000000000000000000e+00 0.000000000000000000e+00 1.345018972609590413e-01 0.000000000000000000e+00 0.000000000000000000e+00 0.000000000000000000e+00 0.000000000000000000e+00 0.000000000000000000e+00 0.000000000000000000e+00 0.000000000000000000e+00 0.000000000000000000e+00 0.000000000000000000e+00 0.000000000000000000e+00 0.000000000000000000e+00 0.000000000000000000e+00 0.000000000000000000e+00 0.000000000000000000e+00 0.000000000000000000e+00 0.000000000000000000e+00 0.000000000000000000e+00 2.409983053179330093e-01 1.884902873661263578e-01 0.000000000000000000e+00 0.000000000000000000e+00 0.000000000000000000e+00 0.000000000000000000e+00 0.000000000000000000e+00
0.000000000000000000e+00 0.000000000000000000e+00 3.516662543841867494e-01 2.682227752560320533e-01 9.206287062364298945e-01 1.000000000000000444e+00 2.433293908973725161e-01 1.927593554625651462e-01 8.694405368027411374e-01 8.636435610044086442e-01 8.330573041091687836e-02 0.000000000000000000e+00 8.504038768465523035e-02 9.695738371927550836e-02 3.084427002058194311e-01 3.967212460536044261e-01 0.000000000000000000e+00 0.000000000000000000e+00 4.678707636511161838e-02 0.000000000000000000e+00 1.790429716021161022e-01 3.069919315730231801e-01 3.186399877326431263e-01 3.363741843566135370e-01 7.444478519628781044e-01 8.607002174525187899e-01 6.275605631814199503e-01 7.651589112632065648e-01 0.000000000000000000e+00 0.000000000000000000e+00 1.471194188584872692e-02 0.000000000000000000e+00 0.000000000000000000e+00 0.000000000000000000e+00 4.977338015762330925e-01 3.911667185235443434e-01 0.000000000000000000e+00 0.000000000000000000e+00 0.000000000000000000e+00 0.000000000000000000e+00 0.000000000000000000e+00 0.000000000000000000e+00 0.000000000000000000e+00 0.000000000000000000e+00 0.000000000000000000e+00 0.000000000000000000e+00 0.000000000000000000e+00 0.000000000000000000e+00 0.000000000000000000e+00 0.000000000000000000e+00 0.000000000000000000e+00 0.000000000000000000e+00 0.000000000000000000e+00 0.000000000000000000e+00 0.000000000000000000e+00 0.000000000000000000e+00 0.000000000000000000e+00 0.000000000000000000e+00 7.079619210095688953e-02 1.279136319858110160e-01 0.000000000000000000e+00 0.000000000000000000e+00 0.000000000000000000e+00 0.000000000000000000e+00 4.977613247139674180e-02 1.438397108823055437e-01 2.537276031802965237e-01 1.749887437737132623e-01 3.518545049650415035e-01 3.962989157081371339e-01 0.000000000000000000e+00 2.201506894477771314e-01 0.000000000000000000e+00 0.000000000000000000e+00 0.000000000000000000e+00 0.000000000000000000e+00 0.000000000000000000e+00 0.000000000000000000e+00 0.000000000000000000e+00 0.000000000000000000e+00 0.000000000000000000e+00 0.000000000000000000e+00 0.000000000000000000e+00 0.000000000000000000e+00 0.000000000000000000e+00 0.000000000000000000e+00 0.000000000000000000e+00 0.000000000000000000e+00 0.000000000000000000e+00 1.043178202068508614e-01 0.000000000000000000e+00 4.980128590995383520e-02 0.000000000000000000e+00 0.000000000000000000e+00 0.000000000000000000e+00 0.000000000000000000e+00 0.000000000000000000e+00 0.000000000000000000e+00 0.000000000000000000e+00 0.000000000000000000e+00 0.000000000000000000e+00 0.000000000000000000e+00 0.000000000000000000e+00 0.000000000000000000e+00 0.000000000000000000e+00 0.000000000000000000e+00 0.000000000000000000e+00 0.000000000000000000e+00 0.000000000000000000e+00 2.537272837699321992e-01 1.348942449666021559e-01 0.000000000000000000e+00 0.000000000000000000e+00 0.000000000000000000e+00 0.000000000000000000e+00 0.000000000000000000e+00
2.938237269916627592e-01 0.000000000000000000e+00 8.857143372859919150e-01 6.322579789531573846e-01 2.780697161719616339e-01 2.433293908973725161e-01 1.000000000000000000e+00 5.945392171863603803e-01 2.776731916366412811e-01 4.189920380798144994e-01 6.170635693900958785e-01 1.903907958328986683e-01 6.978412042786352742e-01 4.433228956362739726e-01 4.044167320734354809e-01 3.045502901820910102e-01 0.000000000000000000e+00 0.000000000000000000e+00 3.120047546385933956e-01 3.012921267001264503e-01 3.196155846390066335e-01 1.417489184152114223e-01 7.884892016134258386e-01 6.215207621722073084e-01 4.648967324173234883e-01 3.235861650001851664e-01 0.000000000000000000e+00 0.000000000000000000e+00 8.052836287650276537e-02 0.000000000000000000e+00 4.904381216023575019e-01 4.896245500487589331e-01 4.814456952661945732e-01 4.215895350898234972e-01 1.855424872509709444e-01 6.824196809523420948e-02 0.000000000000000000e+00 0.000000000000000000e+00 0.000000000000000000e+00 0.000000000000000000e+00 0.000000000000000000e+00 0.000000000000000000e+00 0.000000000000000000e+00 0.000000000000000000e+00 0.000000000000000000e+00 0.000000000000000000e+00 0.000000000000000000e+00 0.000000000000000000e+00 0.000000000000000000e+00 0.000000000000000000e+00 1.470379162200665113e-01 0.000000000000000000e+00 1.111246420603928392e-01 0.000000000000000000e+00 0.000000000000000000e+00 0.000000000000000000e+00 0.000000000000000000e+00 0.000000000000000000e+00 2.217261725080000440e-02 0.000000000000000000e+00 4.081627843041226583e-02 0.000000000000000000e+00 0.000000000000000000e+00 0.000000000000000000e+00 5.612094920336461179e-01 1.650920792355062977e-02 1.415705772371556592e-01 0.000000000000000000e+00 1.887287334723774246e-01 1.538517170020230473e-01 3.878198364554703570e-01 3.733080108595605018e-01 1.373998758203454906e-01 0.000000000000000000e+00 1.027229766348850826e-01 0.000000000000000000e+00 0.000000000000000000e+00 0.000000000000000000e+00 0.000000000000000000e+00 5.587042997557001289e-02 0.000000000000000000e+00 0.000000000000000000e+00 2.020005062368926962e-01 0.000000000000000000e+00 0.000000000000000000e+00 0.000000000000000000e+00 0.000000000000000000e+00 0.000000000000000000e+00 0.000000000000000000e+00 0.000000000000000000e+00 0.000000000000000000e+00 0.000000000000000000e+00 0.000000000000000000e+00 0.000000000000000000e+00 0.000000000000000000e+00 0.000000000000000000e+00 0.000000000000000000e+00 0.000000000000000000e+00 0.000000000000000000e+00 0.000000000000000000e+00 0.000000000000000000e+00 0.000000000000000000e+00 0.000000000000000000e+00 0.000000000000000000e+00 0.000000000000000000e+00 0.000000000000000000e+00 0.000000000000000000e+00 1.256464714331461396e-01 0.000000000000000000e+00 0.000000000000000000e+00 0.000000000000000000e+00 0.000000000000000000e+00 0.000000000000000000e+00 0.000000000000000000e+00 0.000000000000000000e+00 0.000000000000000000e+00
3.840998341386184789e-01 3.586417820307510884e-01 6.222724398619410291e-01 8.790430474225677804e-01 1.496978007671052879e-01 1.927593554625651462e-01 5.945392171863603803e-01 9.999999999999998890e-01 1.566859331706023095e-01 5.235985534163601907e-01 6.088234759098358762e-01 5.253924987168139271e-01 4.090739162916751104e-01 8.110549420221698780e-01 2.129084572431654832e-01 3.968388206590281464e-01 0.000000000000000000e+00 9.222977469337065304e-02 4.558487467742819432e-01 5.181536704187889031e-01 1.185886819854170971e-04 0.000000000000000000e+00 7.132205605020039973e-01 7.978670278719558473e-01 2.886483576566640230e-01 2.915476883431434851e-01 0.000000000000000000e+00 0.000000000000000000e+00 1.774896327219257774e-01 1.384523101259399758e-01 2.915785591314772884e-01 5.208449104307754096e-01 5.041734726332622873e-01 6.466907561159312978e-01 0.000000000000000000e+00 0.000000000000000000e+00 0.000000000000000000e+00 0.000000000000000000e+00 0.000000000000000000e+00 0.000000000000000000e+00 1.913846232432087069e-01 3.935313063437986814e-02 0.000000000000000000e+00 0.000000000000000000e+00 0.000000000000000000e+00 0.000000000000000000e+00 0.000000000000000000e+00 0.000000000000000000e+00 0.000000000000000000e+00 0.000000000000000000e+00 2.428670004278945527e-01 0.000000000000000000e+00 0.000000000000000000e+00 0.000000000000000000e+00 0.000000000000000000e+00 0.000000000000000000e+00 0.000000000000000000e+00 2.115317101177295878e-01 0.000000000000000000e+00 0.000000000000000000e+00 1.043266663114632287e-01 3.707596003802839379e-01 0.000000000000000000e+00 3.720152466632779542e-01 3.598442014970354985e-01 0.000000000000000000e+00 0.000000000000000000e+00 0.000000000000000000e+00 1.361055285747949095e-01 1.345635419582947578e-01 2.570718111745772250e-01 1.849993974327812096e-01 1.780524601955187913e-01 6.880225834231594451e-02 2.345604429377816103e-01 1.604619304385296319e-01 1.962106146702961018e-01 2.097170544061776887e-01 0.000000000000000000e+00 3.382313084354510169e-01 0.000000000000000000e+00 3.165271884518381929e-01 3.227804675062360129e-01 2.930979570829159338e-03 0.000000000000000000e+00 1.420993269130128578e-01 4.310610862739470278e-02 0.000000000000000000e+00 0.000000000000000000e+00 0.000000000000000000e+00 0.000000000000000000e+00 0.000000000000000000e+00 0.000000000000000000e+00 0.000000000000000000e+00 0.000000000000000000e+00 0.000000000000000000e+00 0.000000000000000000e+00 0.000000000000000000e+00 0.000000000000000000e+00 0.000000000000000000e+00 0.000000000000000000e+00 0.000000000000000000e+00 0.000000000000000000e+00 0.000000000000000000e+00 0.000000000000000000e+00 0.000000000000000000e+00 0.000000000000000000e+00 0.000000000000000000e+00 0.000000000000000000e+00 0.000000000000000000e+00 0.000000000000000000e+00 0.000000000000000000e+00 0.000000000000000000e+00 0.000000000000000000e+00 0.000000000000000000e+00 0.000000000000000000e+00
0.000000000000000000e+00 0.000000000000000000e+00 2.661118537026799791e-01 1.209372636930086259e-01 9.634944512937509975e-01 8.694405368027411374e-01 2.776731916366412811e-01 1.566859331706023095e-01 1.000000000000000888e+00 7.342033702782277960e-01 0.000000000000000000e+00 0.000000000000000000e+00 5.279659841290405137e-02 0.000000000000000000e+00 3.446619614563947720e-01 2.482365552362273131e-01 0.000000000000000000e+00 0.000000000000000000e+00 0.000000000000000000e+00 0.000000000000000000e+00 1.982007729266732632e-01 3.158440209642204288e-01 2.096953549494153524e-01 1.523519138602835166e-01 7.950267702809610260e-01 8.256964192131974745e-01 6.985244086830485477e-01 7.272290759075580313e-01 0.000000000000000000e+00 0.000000000000000000e+00 1.183025307104913076e-02 0.000000000000000000e+00 0.000000000000000000e+00 0.000000000000000000e+00 5.867694370714147123e-01 5.117749735403296363e-01 0.000000000000000000e+00 0.000000000000000000e+00 0.000000000000000000e+00 0.000000000000000000e+00 0.000000000000000000e+00 0.000000000000000000e+00 0.000000000000000000e+00 0.000000000000000000e+00 0.000000000000000000e+00 0.000000000000000000e+00 0.000000000000000000e+00 0.000000000000000000e+00 0.000000000000000000e+00 0.000000000000000000e+00 0.000000000000000000e+00 0.000000000000000000e+00 0.000000000000000000e+00 3.499176893376375330e-02 0.000000000000000000e+00 0.000000000000000000e+00 0.000000000000000000e+00 0.000000000000000000e+00 1.625104600872110949e-01 1.666965169414397208e-01 0.000000000000000000e+00 0.000000000000000000e+00 0.000000000000000000e+00 0.000000000000000000e+00 1.832003503770993913e-01 3.399758813778182565e-01 4.012480035365860731e-01 3.652681927585859079e-01 2.822798465809461810e-01 4.171052212482245225e-01 0.000000000000000000e+00 7.471029963512750005e-02 0.000000000000000000e+00 0.000000000000000000e+00 0.000000000000000000e+00 0.000000000000000000e+00 0.000000000000000000e+00 0.000000000000000000e+00 0.000000000000000000e+00 0.000000000000000000e+00 0.000000000000000000e+00 0.000000000000000000e+00 0.000000000000000000e+00 0.000000000000000000e+00 0.000000000000000000e+00 0.000000000000000000e+00 0.000000000000000000e+00 0.000000000000000000e+00 0.000000000000000000e+00 0.000000000000000000e+00 0.000000000000000000e+00 1.656279051254225532e-01 0.000000000000000000e+00 0.000000000000000000e+00 0.000000000000000000e+00 0.000000000000000000e+00 5.883752244140390969e-03 1.667932129022610399e-02 0.000000000000000000e+00 0.000000000000000000e+00 0.000000000000000000e+00 0.000000000000000000e+00 0.000000000000000000e+00 0.000000000000000000e+00 0.000000000000000000e+00 0.000000000000000000e+00 0.000000000000000000e+00 0.000000000000000000e+00 0.000000000000000000e+00 2.458243238963529753e-01 2.328161476675885688e-01 0.000000000000000000e+00 0.000000000000000000e+00 0.000000000000000000e+00 0.000000000000000000e+00 0.000000000000000000e+00
3.629051372759092148e-02 0.000000000000000000e+00 5.062409048105678266e-01 4.945004115861521554e-01 7.668883981347904832e-01 8.636435610044086442e-01 4.189920380798144994e-01 5.235985534163601907e-01 7.342033702782277960e-01 1.000000000000000222e+00 3.060342288903106223e-01 0.000000000000000000e+00 2.354157601165424440e-01 4.220469923290608438e-01 3.060017998112730120e-01 5.392267196183319067e-01 0.000000000000000000e+00 0.000000000000000000e+00 2.650358345430702811e-01 1.082291796224330582e-01 1.728589086192695579e-01 2.611699215580121081e-01 5.320115107044547376e-01 5.281909289676820496e-01 7.523176799270150372e-01 8.430191642830775489e-01 3.300171800932488186e-01 4.426450846665785921e-01 0.000000000000000000e+00 0.000000000000000000e+00 1.901865330259635556e-01 2.422646869591338625e-01 1.878776319472364453e-01 1.679686979772359312e-01 3.226244611596119638e-01 2.422076307335399026e-01 0.000000000000000000e+00 0.000000000000000000e+00 0.000000000000000000e+00 0.000000000000000000e+00 0.000000000000000000e+00 0.000000000000000000e+00 0.000000000000000000e+00 0.000000000000000000e+00 0.000000000000000000e+00 0.000000000000000000e+00 0.000000000000000000e+00 0.000000000000000000e+00 0.000000000000000000e+00 0.000000000000000000e+00 0.000000000000000000e+00 0.000000000000000000e+00 0.000000000000000000e+00 0.000000000000000000e+00 0.000000000000000000e+00 0.000000000000000000e+00 0.000000000000000000e+00 0.000000000000000000e+00 7.097623018138742024e-02 6.281406437402349552e-02 0.000000000000000000e+00 0.000000000000000000e+00 0.000000000000000000e+00 0.000000000000000000e+00 2.164227161475381078e-01 7.782141435765786534e-03 1.757848803414273353e-01 8.745535540771780247e-02 3.375331157098613311e-01 4.175233863629828068e-01 0.000000000000000000e+00 3.001858525675631939e-01 0.000000000000000000e+00 0.000000000000000000e+00 0.000000000000000000e+00 0.000000000000000000e+00 0.000000000000000000e+00 0.000000000000000000e+00 0.000000000000000000e+00 0.000000000000000000e+00 0.000000000000000000e+00 0.000000000000000000e+00 0.000000000000000000e+00 0.000000000000000000e+00 0.000000000000000000e+00 0.000000000000000000e+00 0.000000000000000000e+00 0.000000000000000000e+00 0.000000000000000000e+00 0.000000000000000000e+00 0.000000000000000000e+00 0.000000000000000000e+00 0.000000000000000000e+00 0.000000000000000000e+00 0.000000000000000000e+00 0.000000000000000000e+00 0.000000000000000000e+00 0.000000000000000000e+00 0.000000000000000000e+00 0.000000000000000000e+00 0.000000000000000000e+00 0.000000000000000000e+00 0.000000000000000000e+00 0.000000000000000000e+00 0.000000000000000000e+00 0.000000000000000000e+00 0.000000000000000000e+00 0.000000000000000000e+00 0.000000000000000000e+00 3.374547241834518867e-03 0.000000000000000000e+00 0.000000000000000000e+00 0.000000000000000000e+00 0.000000000000000000e+00 0.000000000000000000e+00 0.000000000000000000e+00
7.776352941546044173e-01 3.479924583996490406e-01 6.401596560673179503e-01 6.440452578286206542e-01 0.000000000000000000e+00 8.330573041091687836e-02 6.170635693900958785e-01 6.088234759098358762e-01 0.000000000000000000e+00 3.060342288903106223e-01 1.000000000000000222e+00 5.800254123240792259e-01 6.403531850479449172e-01 6.597830094805927637e-01 2.530902550611938695e-01 2.684459529138538691e-01 0.000000000000000000e+00 9.093239933066404879e-02 6.012260667106896772e-01 6.713692020177957076e-01 1.062282659859832695e-01 0.000000000000000000e+00 6.117431104677395481e-01 6.568952876393447937e-01 2.981887165132268355e-02 1.526363008049244109e-02 0.000000000000000000e+00 0.000000000000000000e+00 3.821776912707612883e-01 2.418269332634089552e-01 2.061606933360470018e-01 3.583651528740030012e-01 7.002761763536153872e-01 7.492086254701796344e-01 2.290274997334016197e-02 0.000000000000000000e+00 0.000000000000000000e+00 9.058688542173397307e-02 9.169165606746085273e-02 0.000000000000000000e+00 2.995147275197460046e-01 9.694422154275056380e-02 0.000000000000000000e+00 0.000000000000000000e+00 0.000000000000000000e+00 0.000000000000000000e+00 0.000000000000000000e+00 0.000000000000000000e+00 0.000000000000000000e+00 0.000000000000000000e+00 8.710740784261761238e-02 0.000000000000000000e+00 0.000000000000000000e+00 0.000000000000000000e+00 0.000000000000000000e+00 0.000000000000000000e+00 4.453746625465962450e-02 3.495799563015047351e-01 9.560136347134468027e-02 9.052222941687206037e-03 2.344188918870298843e-01 2.606322569641959519e-01 6.184184629725311688e-02 3.769991134864949522e-01 4.692551546780433513e-01 0.000000000000000000e+00 7.623335528194771955e-03 0.000000000000000000e+00 2.684052363384072937e-01 6.402005356777162870e-02 2.657523578151068655e-01 1.968879294014780068e-01 4.362930431967857459e-01 1.510410774328802830e-01 5.431947558869355541e-01 2.892365488381318239e-01 5.335605550477349190e-01 4.324629854704120091e-01 1.536531454576027522e-02 2.170808478604492331e-01 0.000000000000000000e+00 4.225719964665083372e-01 4.781079987551218879e-01 1.354006012658891533e-01 2.344074331197038286e-01 3.526017679811199734e-01 1.202340758035841117e-01 0.000000000000000000e+00 0.000000000000000000e+00 0.000000000000000000e+00 0.000000000000000000e+00 0.000000000000000000e+00 0.000000000000000000e+00 0.000000000000000000e+00 0.000000000000000000e+00 0.000000000000000000e+00 0.000000000000000000e+00 0.000000000000000000e+00 0.000000000000000000e+00 0.000000000000000000e+00 0.000000000000000000e+00 0.000000000000000000e+00 0.000000000000000000e+00 0.000000000000000000e+00 0.000000000000000000e+00 0.000000000000000000e+00 0.000000000000000000e+00 0.000000000000000000e+00 0.000000000000000000e+00 0.000000000000000000e+00 0.000000000000000000e+00 0.000000000000000000e+00 0.000000000000000000e+00 0.000000000000000000e+00 0.000000000000000000e+00 0.000000000000000000e+00
5.919344128832967344e-01 5.605145464954738310e-01 2.364063000565992112e-01 4.115280573352010918e-01 0.000000000000000000e+00 0.000000000000000000e+00 1.903907958328986683e-01 5.253924987168139271e-01 0.000000000000000000e+00 0.000000000000000000e+00 5.800254123240792259e-01 1.000000000000000222e+00 4.215159767598993246e-01 7.317811625579051515e-01 2.352896641555922153e-01 3.307414003497612942e-01 4.575054236964022913e-01 4.979265300254036020e-01 3.998366100049088878e-01 5.694478907454032512e-01 7.221408092564489400e-02 0.000000000000000000e+00 3.107075641917997344e-01 4.066289604422176907e-01 0.000000000000000000e+00 0.000000000000000000e+00 0.000000000000000000e+00 0.000000000000000000e+00 7.345769548163031404e-01 6.708530999379648252e-01 3.196694768681888066e-01 4.983542293823611802e-01 5.504500555232503256e-01 7.300047008799194215e-01 0.000000000000000000e+00 0.000000000000000000e+00 6.841282776693330403e-02 3.143339741969810586e-01 1.857973934607156929e-01 1.374637379743366139e-01 4.390969050664330631e-01 4.666188221950409720e-01 0.000000000000000000e+00 0.000000000000000000e+00 0.000000000000000000e+00 0.000000000000000000e+00 0.000000000000000000e+00 0.000000000000000000e+00 0.000000000000000000e+00 0.000000000000000000e+00 8.936511238307270899e-02 0.000000000000000000e+00 0.000000000000000000e+00 0.000000000000000000e+00 0.000000000000000000e+00 0.000000000000000000e+00 2.729687939352890558e-01 4.140264575132467928e-01 0.000000000000000000e+00 0.000000000000000000e+00 1.590532334298405404e-01 2.883032998496029564e-01 4.343465247808918628e-01 6.470557855894025767e-01 3.383522959443423933e-02 0.000000000000000000e+00 0.000000000000000000e+00 0.000000000000000000e+00 0.000000000000000000e+00 0.000000000000000000e+00 5.004896249084498372e-01 3.811072110908158561e-01 5.896240744875372863e-01 5.708716645951061874e-01 6.181381237337684187e-01 5.840109815862104536e-01 3.679878119012714999e-01 4.314666718205669160e-01 3.229032637866511846e-01 4.579308091515275070e-01 3.601115381054941778e-01 6.040457919652250096e-01 6.408107518815164827e-01 5.571517777431389540e-01 4.745557549711912904e-01 2.932164268191308487e-01 3.990414908678778794e-01 0.000000000000000000e+00 0.000000000000000000e+00 0.000000000000000000e+00 0.000000000000000000e+00 0.000000000000000000e+00 0.000000000000000000e+00 0.000000000000000000e+00 0.000000000000000000e+00 0.000000000000000000e+00 0.000000000000000000e+00 0.000000000000000000e+00 0.000000000000000000e+00 0.000000000000000000e+00 0.000000000000000000e+00 0.000000000000000000e+00 0.000000000000000000e+00 0.000000000000000000e+00 0.000000000000000000e+00 0.000000000000000000e+00 0.000000000000000000e+00 0.000000000000000000e+00 0.000000000000000000e+00 0.000000000000000000e+00 0.000000000000000000e+00 0.000000000000000000e+00 0.000000000000000000e+00 0.000000000000000000e+00 0.000000000000000000e+00 0.000000000000000000e+00
3.478342679507675506e-01 1.361969984791890076e-01 5.101921992293260155e-01 3.307921208279889780e-01 9.674709255953237164e-02 8.504038768465523035e-02 6.978412042786352742e-01 4.090739162916751104e-01 5.279659841290405137e-02 2.354157601165424440e-01 6.403531850479449172e-01 4.215159767598993246e-01 1.000000000000000000e+00 4.395570575172093042e-01 5.999483604901298950e-01 3.532652434981660705e-01 5.034714996338584408e-02 0.000000000000000000e+00 2.752609166352053549e-01 2.883290705345097904e-01 3.585940741780805352e-01 2.558159798125558826e-01 4.148585607271010889e-01 2.867240982846275266e-01 2.362629449431503936e-01 2.391827788869219651e-01 4.255894157353916352e-02 0.000000000000000000e+00 3.885650029699624364e-01 2.878344419854719227e-01 4.521696278978287742e-01 4.378996291136065255e-01 5.689355591138581802e-01 5.529828230604058037e-01 0.000000000000000000e+00 0.000000000000000000e+00 0.000000000000000000e+00 0.000000000000000000e+00 0.000000000000000000e+00 0.000000000000000000e+00 1.663522975572532744e-02 0.000000000000000000e+00 0.000000000000000000e+00 0.000000000000000000e+00 0.000000000000000000e+00 0.000000000000000000e+00 0.000000000000000000e+00 0.000000000000000000e+00 0.000000000000000000e+00 0.000000000000000000e+00 0.000000000000000000e+00 0.000000000000000000e+00 0.000000000000000000e+00 0.000000000000000000e+00 0.000000000000000000e+00 0.000000000000000000e+00 0.000000000000000000e+00 1.635746857793115780e-02 2.183568810335178439e-02 0.000000000000000000e+00 2.724988659022240522e-01 1.117926898925977325e-01 1.280256343232357152e-01 4.742220851206390558e-02 4.660880658441070579e-01 3.564119231905445856e-02 4.505590115372661020e-02 0.000000000000000000e+00 2.515685699755406124e-01 2.141848879460216820e-02 4.687304587705070635e-01 5.253732215545863227e-01 3.735257481592853535e-01 2.544001509049026444e-01 2.941014102677377839e-01 2.561967023756869244e-01 1.296033131806892114e-01 0.000000000000000000e+00 0.000000000000000000e+00 1.176725809202074646e-01 7.035671426913400750e-02 7.718853994776779526e-02 3.252596582828019556e-01 6.860217067684264147e-02 9.859349494637061062e-02 0.000000000000000000e+00 1.187074065766204056e-01 0.000000000000000000e+00 0.000000000000000000e+00 0.000000000000000000e+00 0.000000000000000000e+00 0.000000000000000000e+00 0.000000000000000000e+00 0.000000000000000000e+00 0.000000000000000000e+00 0.000000000000000000e+00 0.000000000000000000e+00 0.000000000000000000e+00 0.000000000000000000e+00 0.000000000000000000e+00 0.000000000000000000e+00 0.000000000000000000e+00 0.000000000000000000e+00 0.000000000000000000e+00 0.000000000000000000e+00 0.000000000000000000e+00 0.000000000000000000e+00 0.000000000000000000e+00 0.000000000000000000e+00 0.000000000000000000e+00 0.000000000000000000e+00 0.000000000000000000e+00 0.000000000000000000e+00 0.000000000000000000e+00 0.000000000000000000e+00 0.000000000000000000e+00
